-- Gui to Lua
-- Version: 3.2

-- Instances:

local ScreenGuibothub = Instance.new("ScreenGui")
local Framebotscript = Instance.new("Frame")
local tweenguibothub = Instance.new("TextButton")
local UICorner = Instance.new("UICorner")
local upgui = Instance.new("Frame")
local namescript = Instance.new("TextLabel")
local UICorner_2 = Instance.new("UICorner")
local TextButton = Instance.new("TextButton")
local TextButton_2 = Instance.new("TextButton")
local TextButton_3 = Instance.new("TextButton")
local TextButton_4 = Instance.new("TextButton")
local UICorner_3 = Instance.new("UICorner")
local Framemain = Instance.new("Frame")
local UICorner_4 = Instance.new("UICorner")
local FrameFram = Instance.new("Frame")
local UICorner_5 = Instance.new("UICorner")
local TextLabel = Instance.new("TextLabel")
local Frameonoff = Instance.new("Frame")
local UICorner_6 = Instance.new("UICorner")
local TextLabel1 = Instance.new("TextLabel")
local UICorner_7 = Instance.new("UICorner")
local TextLabel2 = Instance.new("TextLabel")
local UICorner_8 = Instance.new("UICorner")
local TextButtononoff = Instance.new("TextButton")
local FrameEquip = Instance.new("Frame")
local UICorner_9 = Instance.new("UICorner")
local TextLabel_2 = Instance.new("TextLabel")
local Frame = Instance.new("Frame")
local UICorner_10 = Instance.new("UICorner")
local TextLabel1_2 = Instance.new("TextLabel")
local UICorner_11 = Instance.new("UICorner")
local TextLabel2_2 = Instance.new("TextLabel")
local UICorner_12 = Instance.new("UICorner")
local TextButtononoff_2 = Instance.new("TextButton")

--Properties:

ScreenGuibothub.Name = "ScreenGuibothub"
ScreenGuibothub.Parent = game.CoreGui
ScreenGuibothub.ZIndexBehavior = Enum.ZIndexBehavior.Sibling

Framebotscript.Name = "Framebotscript"
Framebotscript.Parent = ScreenGuibothub
Framebotscript.BackgroundColor3 = Color3.fromRGB(0, 0, 0)
Framebotscript.BorderColor3 = Color3.fromRGB(0, 0, 0)
Framebotscript.BorderSizePixel = 0
Framebotscript.Position = UDim2.new(0.330578506, 0, 0.0774280429, 0)
Framebotscript.Size = UDim2.new(0.337716013, 0, 0.844594598, 0)

tweenguibothub.Name = "tweenguibothub"
tweenguibothub.Parent = Framebotscript
tweenguibothub.BackgroundColor3 = Color3.fromRGB(255, 255, 255)
tweenguibothub.BackgroundTransparency = 1.000
tweenguibothub.BorderColor3 = Color3.fromRGB(0, 0, 0)
tweenguibothub.BorderSizePixel = 0
tweenguibothub.Size = UDim2.new(1, 0, 0.0599999987, 0)
tweenguibothub.Font = Enum.Font.SourceSans
tweenguibothub.Text = ""
tweenguibothub.TextColor3 = Color3.fromRGB(0, 0, 0)
tweenguibothub.TextSize = 14.000

UICorner.Parent = Framebotscript

upgui.Name = "upgui"
upgui.Parent = Framebotscript
upgui.BackgroundColor3 = Color3.fromRGB(255, 255, 255)
upgui.BackgroundTransparency = 0.900
upgui.BorderColor3 = Color3.fromRGB(0, 0, 0)
upgui.BorderSizePixel = 0
upgui.Size = UDim2.new(1, 0, 0.0599999987, 0)

namescript.Name = "namescript"
namescript.Parent = upgui
namescript.BackgroundColor3 = Color3.fromRGB(255, 255, 255)
namescript.BackgroundTransparency = 1.000
namescript.BorderColor3 = Color3.fromRGB(0, 0, 0)
namescript.BorderSizePixel = 0
namescript.Size = UDim2.new(1, 0, 1, 0)
namescript.Font = Enum.Font.SourceSans
namescript.Text = " BotHub"
namescript.TextColor3 = Color3.fromRGB(100, 100, 100)
namescript.TextScaled = true
namescript.TextSize = 14.000
namescript.TextWrapped = true
namescript.TextXAlignment = Enum.TextXAlignment.Left

UICorner_2.CornerRadius = UDim.new(0.200000003, 0)
UICorner_2.Parent = upgui

TextButton.Parent = upgui
TextButton.BackgroundColor3 = Color3.fromRGB(255, 255, 255)
TextButton.BackgroundTransparency = 1.000
TextButton.BorderColor3 = Color3.fromRGB(0, 0, 0)
TextButton.BorderSizePixel = 0
TextButton.Position = UDim2.new(0.929922163, 0, 0, 0)
TextButton.Size = UDim2.new(0.0688542947, 0, 1, 0)
TextButton.Font = Enum.Font.SourceSans
TextButton.Text = "X"
TextButton.TextColor3 = Color3.fromRGB(100, 100, 100)
TextButton.TextScaled = true
TextButton.TextSize = 14.000
TextButton.TextWrapped = true

TextButton_2.Parent = upgui
TextButton_2.BackgroundColor3 = Color3.fromRGB(255, 255, 255)
TextButton_2.BackgroundTransparency = 1.000
TextButton_2.BorderColor3 = Color3.fromRGB(0, 0, 0)
TextButton_2.BorderSizePixel = 0
TextButton_2.Position = UDim2.new(0.860956609, 0, 0, 0)
TextButton_2.Size = UDim2.new(0.0688542947, 0, 1, 0)
TextButton_2.Font = Enum.Font.SourceSans
TextButton_2.Text = "□"
TextButton_2.TextColor3 = Color3.fromRGB(100, 100, 100)
TextButton_2.TextScaled = true
TextButton_2.TextSize = 14.000
TextButton_2.TextWrapped = true

TextButton_3.Parent = upgui
TextButton_3.BackgroundColor3 = Color3.fromRGB(255, 255, 255)
TextButton_3.BackgroundTransparency = 1.000
TextButton_3.BorderColor3 = Color3.fromRGB(0, 0, 0)
TextButton_3.BorderSizePixel = 0
TextButton_3.Position = UDim2.new(0.791991115, 0, 0, 0)
TextButton_3.Size = UDim2.new(0.0688542947, 0, 1, 0)
TextButton_3.Font = Enum.Font.SourceSans
TextButton_3.Text = "╶  "
TextButton_3.TextColor3 = Color3.fromRGB(100, 100, 100)
TextButton_3.TextScaled = true
TextButton_3.TextSize = 14.000
TextButton_3.TextWrapped = true

TextButton_4.Parent = Framebotscript
TextButton_4.BackgroundColor3 = Color3.fromRGB(255, 255, 255)
TextButton_4.BackgroundTransparency = 0.500
TextButton_4.BorderColor3 = Color3.fromRGB(0, 0, 0)
TextButton_4.BorderSizePixel = 0
TextButton_4.Position = UDim2.new(0.0266963299, 0, 0.0799999982, 0)
TextButton_4.Size = UDim2.new(0.115572855, 0, 0.0500000007, 0)
TextButton_4.Font = Enum.Font.SourceSans
TextButton_4.Text = "Main"
TextButton_4.TextColor3 = Color3.fromRGB(255, 255, 255)
TextButton_4.TextScaled = true
TextButton_4.TextSize = 14.000
TextButton_4.TextWrapped = true

UICorner_3.CornerRadius = UDim.new(1, 0)
UICorner_3.Parent = TextButton_4

Framemain.Name = "Framemain"
Framemain.Parent = TextButton_4
Framemain.BackgroundColor3 = Color3.fromRGB(255, 255, 255)
Framemain.BackgroundTransparency = 0.900
Framemain.BorderColor3 = Color3.fromRGB(0, 0, 0)
Framemain.BorderSizePixel = 0
Framemain.Position = UDim2.new(0.0577478372, 0, 1.55999994, 0)
Framemain.Size = UDim2.new(8.09913445, 0, 16.2399998, 0)

UICorner_4.Parent = Framemain

FrameFram.Name = "FrameFram"
FrameFram.Parent = Framemain
FrameFram.BackgroundColor3 = Color3.fromRGB(255, 255, 255)
FrameFram.BackgroundTransparency = 0.800
FrameFram.BorderColor3 = Color3.fromRGB(0, 0, 0)
FrameFram.BorderSizePixel = 0
FrameFram.Position = UDim2.new(0.0499109477, 0, 0.024630541, 0)
FrameFram.Size = UDim2.new(0.899999976, 0, 0.12413799, 0)

UICorner_5.CornerRadius = UDim.new(0.200000003, 0)
UICorner_5.Parent = FrameFram

TextLabel.Parent = FrameFram
TextLabel.BackgroundColor3 = Color3.fromRGB(255, 255, 255)
TextLabel.BackgroundTransparency = 1.000
TextLabel.BorderColor3 = Color3.fromRGB(0, 0, 0)
TextLabel.BorderSizePixel = 0
TextLabel.Position = UDim2.new(-0.00264070649, 0, 0.23809512, 0)
TextLabel.Size = UDim2.new(0.363920242, 0, 0.5, 0)
TextLabel.Font = Enum.Font.SourceSans
TextLabel.Text = "  Auto Fram"
TextLabel.TextColor3 = Color3.fromRGB(255, 255, 255)
TextLabel.TextScaled = true
TextLabel.TextSize = 14.000
TextLabel.TextWrapped = true
TextLabel.TextXAlignment = Enum.TextXAlignment.Left

Frameonoff.Name = "Frameonoff"
Frameonoff.Parent = FrameFram
Frameonoff.BackgroundColor3 = Color3.fromRGB(255, 255, 255)
Frameonoff.BackgroundTransparency = 1.000
Frameonoff.BorderColor3 = Color3.fromRGB(0, 0, 0)
Frameonoff.BorderSizePixel = 0
Frameonoff.Position = UDim2.new(0.818643928, 0, 0.23809512, 0)
Frameonoff.Size = UDim2.new(0.133822009, 0, 0.503968477, 0)

UICorner_6.CornerRadius = UDim.new(1, 0)
UICorner_6.Parent = Frameonoff

TextLabel1.Name = "TextLabel1"
TextLabel1.Parent = Frameonoff
TextLabel1.BackgroundColor3 = Color3.fromRGB(100, 100, 100)
TextLabel1.BorderColor3 = Color3.fromRGB(0, 0, 0)
TextLabel1.BorderSizePixel = 0
TextLabel1.Size = UDim2.new(0.5, 0, 1, 0)
TextLabel1.Font = Enum.Font.SourceSans
TextLabel1.Text = ""
TextLabel1.TextColor3 = Color3.fromRGB(0, 0, 0)
TextLabel1.TextSize = 14.000

UICorner_7.CornerRadius = UDim.new(1, 0)
UICorner_7.Parent = TextLabel1

TextLabel2.Name = "TextLabel2"
TextLabel2.Parent = Frameonoff
TextLabel2.BackgroundColor3 = Color3.fromRGB(0, 255, 255)
TextLabel2.BorderColor3 = Color3.fromRGB(0, 0, 0)
TextLabel2.BorderSizePixel = 0
TextLabel2.Position = UDim2.new(0.493339449, 0, 0, 0)
TextLabel2.Size = UDim2.new(0.5, 0, 1, 0)
TextLabel2.Visible = false
TextLabel2.Font = Enum.Font.SourceSans
TextLabel2.Text = ""
TextLabel2.TextColor3 = Color3.fromRGB(0, 0, 0)
TextLabel2.TextSize = 14.000

UICorner_8.CornerRadius = UDim.new(1, 0)
UICorner_8.Parent = TextLabel2

TextButtononoff.Name = "TextButtononoff"
TextButtononoff.Parent = Frameonoff
TextButtononoff.BackgroundColor3 = Color3.fromRGB(255, 255, 255)
TextButtononoff.BackgroundTransparency = 1.000
TextButtononoff.BorderColor3 = Color3.fromRGB(0, 0, 0)
TextButtononoff.BorderSizePixel = 0
TextButtononoff.Size = UDim2.new(1, 0, 1, 0)
TextButtononoff.Font = Enum.Font.SourceSans
TextButtononoff.Text = ""
TextButtononoff.TextColor3 = Color3.fromRGB(0, 0, 0)
TextButtononoff.TextSize = 14.000

FrameEquip.Name = "FrameEquip"
FrameEquip.Parent = Framemain
FrameEquip.BackgroundColor3 = Color3.fromRGB(255, 255, 255)
FrameEquip.BackgroundTransparency = 0.800
FrameEquip.BorderColor3 = Color3.fromRGB(0, 0, 0)
FrameEquip.BorderSizePixel = 0
FrameEquip.Position = UDim2.new(0.0475342385, 0, 0.184729069, 0)
FrameEquip.Size = UDim2.new(0.899999976, 0, 0.12413799, 0)

UICorner_9.CornerRadius = UDim.new(0.200000003, 0)
UICorner_9.Parent = FrameEquip

TextLabel_2.Parent = FrameEquip
TextLabel_2.BackgroundColor3 = Color3.fromRGB(255, 255, 255)
TextLabel_2.BackgroundTransparency = 1.000
TextLabel_2.BorderColor3 = Color3.fromRGB(0, 0, 0)
TextLabel_2.BorderSizePixel = 0
TextLabel_2.Position = UDim2.new(-0.00264070649, 0, 0.23809512, 0)
TextLabel_2.Size = UDim2.new(0.363920242, 0, 0.5, 0)
TextLabel_2.Font = Enum.Font.SourceSans
TextLabel_2.Text = "  Auto Equip"
TextLabel_2.TextColor3 = Color3.fromRGB(255, 255, 255)
TextLabel_2.TextScaled = true
TextLabel_2.TextSize = 14.000
TextLabel_2.TextWrapped = true
TextLabel_2.TextXAlignment = Enum.TextXAlignment.Left

Frame.Parent = FrameEquip
Frame.BackgroundColor3 = Color3.fromRGB(255, 255, 255)
Frame.BackgroundTransparency = 1.000
Frame.BorderColor3 = Color3.fromRGB(0, 0, 0)
Frame.BorderSizePixel = 0
Frame.Position = UDim2.new(0.818643928, 0, 0.23809512, 0)
Frame.Size = UDim2.new(0.133822009, 0, 0.503968477, 0)

UICorner_10.CornerRadius = UDim.new(1, 0)
UICorner_10.Parent = Frame

TextLabel1_2.Name = "TextLabel1"
TextLabel1_2.Parent = Frame
TextLabel1_2.BackgroundColor3 = Color3.fromRGB(100, 100, 100)
TextLabel1_2.BorderColor3 = Color3.fromRGB(0, 0, 0)
TextLabel1_2.BorderSizePixel = 0
TextLabel1_2.Size = UDim2.new(0.5, 0, 1, 0)
TextLabel1_2.Font = Enum.Font.SourceSans
TextLabel1_2.Text = ""
TextLabel1_2.TextColor3 = Color3.fromRGB(0, 0, 0)
TextLabel1_2.TextSize = 14.000

UICorner_11.CornerRadius = UDim.new(1, 0)
UICorner_11.Parent = TextLabel1_2

TextLabel2_2.Name = "TextLabel2"
TextLabel2_2.Parent = Frame
TextLabel2_2.BackgroundColor3 = Color3.fromRGB(0, 255, 255)
TextLabel2_2.BorderColor3 = Color3.fromRGB(0, 0, 0)
TextLabel2_2.BorderSizePixel = 0
TextLabel2_2.Position = UDim2.new(0.493339449, 0, 0, 0)
TextLabel2_2.Size = UDim2.new(0.5, 0, 1, 0)
TextLabel2_2.Visible = false
TextLabel2_2.Font = Enum.Font.SourceSans
TextLabel2_2.Text = ""
TextLabel2_2.TextColor3 = Color3.fromRGB(0, 0, 0)
TextLabel2_2.TextSize = 14.000

UICorner_12.CornerRadius = UDim.new(1, 0)
UICorner_12.Parent = TextLabel2_2

TextButtononoff_2.Name = "TextButtononoff"
TextButtononoff_2.Parent = Frame
TextButtononoff_2.BackgroundColor3 = Color3.fromRGB(255, 255, 255)
TextButtononoff_2.BackgroundTransparency = 1.000
TextButtononoff_2.BorderColor3 = Color3.fromRGB(0, 0, 0)
TextButtononoff_2.BorderSizePixel = 0
TextButtononoff_2.Size = UDim2.new(1, 0, 1, 0)
TextButtononoff_2.Font = Enum.Font.SourceSans
TextButtononoff_2.Text = ""
TextButtononoff_2.TextColor3 = Color3.fromRGB(0, 0, 0)
TextButtononoff_2.TextSize = 14.000

-- Scripts:

local function GOPU_fake_script() -- tweenguibothub.LocalScript 
	local script = Instance.new('LocalScript', game.ServerScriptService)

	local part = script.Parent.Parent.Parent.Framebotscript
	local part2 = script.Parent.Parent.tweenguibothub
	local ply = game.Players
	local mouse = game:GetService("UserInputService")
	local b
	local x = 600
	local y = 300
	part2.MouseButton1Down:Connect(function()
		b = (part.Position - UDim2.new(0, mouse:GetMouseLocation().X - x , 0, mouse:GetMouseLocation().Y - y))
		_G.a = true
	end)
	part2.MouseButton1Up:Connect(function()
		_G.a = false
	end)
	game:GetService("RunService").RenderStepped:Connect(function()
		if _G.a then
			part.Position = b + UDim2.new(0, mouse:GetMouseLocation().X - x , 0, mouse:GetMouseLocation().Y - y)
		end
	end)
end
coroutine.wrap(GOPU_fake_script)()
local function BHYZA_fake_script() -- TextButton.LocalScript 
	local script = Instance.new('LocalScript', TextButton)

	script.Parent.Parent.TextButton.MouseButton1Click:Connect(function()
		script.Parent.Parent.Parent.Parent.Framebotscript.Visible = false
	end)
end
coroutine.wrap(BHYZA_fake_script)()
local function YSUA_fake_script() -- TextButtononoff.LocalScript 
	local script = Instance.new('LocalScript', TextButtononoff)

	local a = script.Parent.Parent
	local a1 = a.UIStroke
	local a2 = a.TextButtononoff
	local a3 = a.TextLabel1
	local a4 = a.TextLabel2
	a3.Visible = not game.Players.LocalPlayer.BotHub.AutoFram.Value
	a4.Visible = game.Players.LocalPlayer.BotHub.AutoFram.Value
	getfenv().AutoFram = game.Players.LocalPlayer.BotHub.AutoFram.Value
	if a3.Visible then
		a1.Color = Color3.new(0.392157, 0.392157, 0.392157)
	else
		a1.Color = Color3.new(0, 1, 1)
	end
	a2.MouseButton1Click:Connect(function()
		if a3.Visible then
			a3.Visible = false
			a4.Visible = true
			a1.Color = Color3.new(0, 1, 1)
			getfenv().AutoFram = true
		else
			a3.Visible = true
			a4.Visible = false
			a1.Color = Color3.new(0.392157, 0.392157, 0.392157)
			getfenv().AutoFram = false
		end
		game.ReplicatedStorage.RemoteEvent:FireServer(not a3.Visible)
	end)
	getfenv().bypass = true
	-- Fast Attack
	local Camera = require(game.ReplicatedStorage.Util.CameraShaker)
	-- Player
	local ply = game.Players
	local lp = ply.LocalPlayer
	local char = lp.Character
	local Hum = char.Humanoid
	local HumRoot = char.HumanoidRootPart
	-- Sever
	local play_ser = game:GetService("Players")
	local lp_ser = play_ser.LocalPlayer
	local char_ser = lp_ser.Character
	local Hum_ser = char_ser.Humanoid
	local HumRoot_ser = char_ser.HumanoidRootPart
	-- Mon
	local Enemie = game:GetService("Workspace").Enemies
	-- Loop
	local RenderStepped = game:GetService("RunService").RenderStepped
	-- Code
	local Code = {
		"SECRET_ADMIN",
		"CODESLIDE",
		"ADMINHACKED",
		"TRIPLEABUSE",
		"SEATROLLING",
		"ZIOLES",
		"KITT_RESET",
		"Sub2CaptainMaui",
		"SUB2GAMERROBOT_RESET1",
		"kittgaming",
		"Sub2Fer999",
		"Enyu_is_Pro",
		"Magicbus",
		"JCWK",
		"Starcodeheo",
		"Bluxxy",
		"fudd10_v2",
		"FUDD10",
		"BIGNEWS",
		"THEGREATACE",
		"SUB2GAMERROBOT_EXP1",
		"Sub2OfficialNoobie",
		"StrawHatMaine",
		"SUB2NOOBMASTER123",
		"Sub2UncleKizaru",
		"Sub2Daigrock",
		"Axiore",
		"TantaiGaming"
	}
	-- Auto Code
	x = 1
	RenderStepped:Connect(function()
		if x <= #Code then
			game:GetService("ReplicatedStorage").Remotes.Redeem:InvokeServer(Code[x])
			x = x + 1
		end
	end)
	local Title
	-- Function
	function Tween(C)
		game.Players.LocalPlayer.Character.HumanoidRootPart.Anchored = true
		local Pos = (C.Position - game.Players.LocalPlayer.Character.HumanoidRootPart.Position).Magnitude
		local tween_Service = game:GetService("TweenService")
		local tween_info = TweenInfo.new(Pos/350, Enum.EasingStyle.Linear)
		local Warps = tween_Service:Create(game:GetService("Players").LocalPlayer.Character["HumanoidRootPart"], tween_info, {CFrame = C})
		Warps:Play()
		wait(Pos-2)
		game.Players.LocalPlayer.Character.HumanoidRootPart.Anchored = false
	end
	function CheckLevel()
		local Level = game:GetService("Players").LocalPlayer.Data.Level.Value
		if Level == 1 or Level <= 9 then
			Mon = "Bandit"
			QuestName = "BanditQuest1"
			QuestNumber = 1
			CFramePuk = CFrame.new(1108.1478271484375, 57.41001510620117, 1623.7769775390625)
			CFrameQuest = CFrame.new(1059.9759521484375, 16.488065719604492, 1549.023193359375)
			SpawnPoint = "Default"
		else
			if Level == 10 or Level <= 14 then
				Mon = "Monkey"
				QuestName = "JungleQuest"
				QuestNumber = 1
				CFrameQuest = CFrame.new(-1599.5264892578125, 36.977455139160156, 153.2390899658203)
				CFramePuk = CFrame.new(-1586.5660400390625, 39.97743606567383, 155.67477416992188)
				SpawnPoint = "Jungle"
			else
				if Level == 15 or Level <= 29 then
					Mon = "Gorilla"
					Title = "Gorilla"
					QuestName = "JungleQuest"
					QuestNumber = 2
					CFrameQuest = CFrame.new(-1599.23096, 37.8653831, 153.335953, -0.0493941903, 1.29583286e-08, 0.998779356, 3.21716165e-08, 1, -1.13831318e-08, -0.998779356, 3.15700852e-08, -0.0493941903)
					CFramePuk = CFrame.new(-1133.4574, 40.8067436, -526.086792, 0.647179008, -2.76535794e-10, 0.762338042, 3.26674865e-08, 1, -2.73699801e-08, -0.762338042, 4.26169464e-08, 0.647179008)
					SpawnPoint = "Jungle"
				else
					if Level == 30 or Level <= 39 then
						Mon = "Pirate"
						Title = "Pirate"
						QuestName = "BuggyQuest1"
						QuestNumber = 1
						CFrameQuest = CFrame.new(-1140.75, 5.27738094, 3830.41626, -0.971490741, 7.58226264e-08, 0.237077385, 6.98668288e-08, 1, -3.3523424e-08, -0.237077385, -1.60038507e-08, -0.971490741)
						CFramePuk = CFrame.new(-1251.65491, 44.8773575, 3817.86255, -0.973911822, -7.29827363e-08, 0.226926699, -5.31656923e-08, 1, 9.34400362e-08, -0.226926699, 7.89376458e-08, -0.973911822)
						SpawnPoint = "Pirate"
					else
						if Level == 40 or Level <= 59 then
							Mon = "Brute"
							Title = "Brute"
							QuestName = "BuggyQuest1"
							QuestNumber = 2
							CFrameQuest = CFrame.new(-1140.75, 5.27738094, 3830.41626, -0.971490741, 7.58226264e-08, 0.237077385, 6.98668288e-08, 1, -3.3523424e-08, -0.237077385, -1.60038507e-08, -0.971490741)
							CFramePuk = CFrame.new(-1150.32996, 14.9352036, 4297.00439, 0.987384498, 1.01365842e-07, -0.158340812, -9.35679765e-08, 1, 5.67021949e-08, 0.158340812, -4.11712406e-08, 0.987384498)
							SpawnPoint = "Pirate"
						else
							if Level == 60 or Level <= 74 then
								Mon = "Desert Bandit"
								Title = "Desert Bandit"
								QuestName = "DesertQuest"
								QuestNumber = 1
								CFrameQuest = CFrame.new(895.403687, 7.23450899, 4391.77539, -0.799823821, 1.00060483e-07, 0.600234807, 6.70158045e-08, 1, -7.74024542e-08, -0.600234807, -2.16831086e-08, -0.799823821)
								CFramePuk = CFrame.new(916.636719, 6.57437086, 4487.20459, -0.99167639, 3.41378552e-08, -0.128755197, 4.00251139e-08, 1, -4.31369394e-08, 0.128755197, -4.79313265e-08, -0.99167639)
								SpawnPoint = "Desert"
							else
								if Level == 75 or Level <= 89 then
									Mon = "Desert Officer"
									Title = "Desert Officer"
									QuestName = "DesertQuest"
									QuestNumber = 2
									CFrameQuest = CFrame.new(895.403687, 7.23450899, 4391.77539, -0.799823821, 1.00060483e-07, 0.600234807, 6.70158045e-08, 1, -7.74024542e-08, -0.600234807, -2.16831086e-08, -0.799823821)
									CFramePuk = CFrame.new(1569.03528, 10.738265, 4383.6958, 0.0669981688, -1.48621693e-08, -0.997753084, -7.62906396e-08, 1, -2.00184811e-08, 0.997753084, 7.74604203e-08, 0.0669981688)
									SpawnPoint = "Desert"
								else
									if Level == 90 or Level <= 104 then
										Mon = "Snow Bandit"
										Title = "Snow Bandit"
										QuestName = "SnowQuest"
										QuestNumber = 1
										CFrameQuest = CFrame.new(1388.32532, 87.6832581, -1298.98853, 0.257160485, -2.74615477e-08, -0.966368735, -5.96436962e-08, 1, -4.42890453e-08, 0.966368735, 6.90271946e-08, 0.257160485)
										CFramePuk = CFrame.new(1380.35999, 99.3419647, -1423.54041, 0.917633533, -4.69509835e-08, 0.397427559, 7.785661e-09, 1, 1.00160641e-07, -0.397427559, -8.88165275e-08, 0.917633533)
										SpawnPoint = "Ice"
									else
										if Level == 105 or Level <= 119 then
											Mon = "Snowman"
											Title = "Snowman"
											QuestName = "SnowQuest"
											QuestNumber = 2
											CFrameQuest = CFrame.new(1388.32532, 87.6832581, -1298.98853, 0.257160485, -2.74615477e-08, -0.966368735, -5.96436962e-08, 1, -4.42890453e-08, 0.966368735, 6.90271946e-08, 0.257160485)
											CFramePuk = CFrame.new(1069.38684, 133.932724, -1418.21716, 0.841472507, 6.84720902e-09, -0.540299892, -3.10686019e-08, 1, -3.5713807e-08, 0.540299892, 4.68385508e-08, 0.841472507)
											SpawnPoint = "Ice"
										else
											if Level == 120 or Level <= 149 then
												Mon = "Chief Petty Officer"
												Title = "Chief Petty Officer"
												QuestName = "MarineQuest2"
												QuestNumber = 1
												CFrameQuest = CFrame.new(-5038.46484, 29.1578293, 4324.80713, 0.00912523735, 5.73297276e-09, 0.999958336, -3.70268238e-09, 1, -5.69942227e-09, -0.999958336, -3.65051966e-09, 0.00912523735)
												CFramePuk = CFrame.new(-4944.73486, 20.6778202, 4035.72363, -0.286084443, -5.00526198e-08, 0.958204389, 3.86888672e-08, 1, 6.37869135e-08, -0.958204389, 5.53202888e-08, -0.286084443)
												--CFramePuk2 = CFrame.new(-4757.90479, 20.6778202, 4571.61572, -0.553644061, 5.52476287e-08, 0.83275342, 6.71170497e-08, 1, -2.17215224e-08, -0.83275342, 4.38659598e-08, -0.553644061)
												SpawnPoint = "MarineBase"
											else
												if Level == 150 or Level <= 174 then
													Mon = "Sky Bandit"
													Title = "Sky Bandit"
													QuestName = "SkyQuest"
													QuestNumber = 1
													CFrameQuest = CFrame.new(-4840.31299, 717.695129, -2620.99561, -0.872646511, 3.50654688e-08, -0.488352358, 4.38827996e-08, 1, -6.61141897e-09, 0.488352358, -2.71997003e-08, -0.872646511)
													CFramePuk = CFrame.new(-4954.60107, 295.769989, -2901.80957, -0.99389571, 3.12787805e-08, -0.110323451, 3.31190577e-08, 1, -1.48482462e-08, 0.110323451, -1.84114182e-08, -0.99389571)
													SpawnPoint = "Sky"
												else
													if Level == 175 or Level <= 189 then
														Mon = "Dark Master"
														Title = "Dark Master"
														QuestName = "SkyQuest"
														QuestNumber = 2
														CFrameQuest = CFrame.new(-4840.31299, 717.695129, -2620.99561, -0.872646511, 3.50654688e-08, -0.488352358, 4.38827996e-08, 1, -6.61141897e-09, 0.488352358, -2.71997003e-08, -0.872646511)
														CFramePuk = CFrame.new(-5275.05762, 388.677734, -2182.99194, 0.488915712, -1.5530194e-08, -0.872331023, 1.16674235e-08, 1, -1.12638521e-08, 0.872331023, -4.6707811e-09, 0.488915712)
														SpawnPoint = "Sky"
													else
														if Level == 190 or Level <= 209 then
															Mon = "Prisoner"
															Title = "Prisoner"
															QuestName = "PrisonerQuest"
															QuestNumber = 1
															CFrameQuest = CFrame.new(5309.55225, 2.75195122, 474.679321, -0.0972714424, 1.170243e-07, -0.995257914, -2.67411835e-08, 1, 1.20195438e-07, 0.995257914, 3.83059557e-08, -0.0972714424)
															CFramePuk = CFrame.new(5209.72754, 2.05960464, 404.438477, -0.867200434, -5.43310144e-08, 0.497959256, -5.61373241e-08, 1, 1.13437011e-08, -0.497959256, -1.81168378e-08, -0.867200434)
															SpawnPoint = ""
														else
															if Level == 210 or Level <= 249 then
																Mon = "Dangerous Prisoner"
																Title = "Dangerous Prisoner"
																QuestName = "PrisonerQuest"
																QuestNumber = 2
																CFrameQuest = CFrame.new(5309.55225, 2.75195122, 474.679321, -0.0972714424, 1.170243e-07, -0.995257914, -2.67411835e-08, 1, 1.20195438e-07, 0.995257914, 3.83059557e-08, -0.0972714424)
																CFramePuk = CFrame.new(5582.32861, 2.07905722, 642.074463, 0.460716367, 2.41286724e-08, -0.887547433, 5.63713964e-09, 1, 3.01119627e-08, 0.887547433, -1.88763032e-08, 0.460716367)
																SpawnPoint = ""
															else
																if Level == 250 or Level <= 274 then
																	Mon = "Toga Warriosrs"
																	Title = "Toga Warriosrs"
																	QuestName = "ColosseumQuest"
																	QuestNumber = 1
																	CFrameQuest = CFrame.new(-1580.97534, 8.5393095, -2987.01904, -0.500865996, 5.42050671e-09, -0.865524828, 2.36723388e-08, 1, -7.43613926e-09, 0.865524828, -2.42135076e-08, -0.500865996)
																	CFramePuk = CFrame.new(-1907.41516, 7.71650505, -2744.26758, 0.985260189, 0, -0.17106232, 0, 1, 0, 0.17106232, 0, 0.985260189)
																	SpawnPoint = ""
																else
																	if Level == 275 or Level <= 299 then
																		Mon = "Gladiator"
																		Title = "Gladiator"
																		QuestName = "ColosseumQuest"
																		QuestNumber = 2
																		CFrameQuest = CFrame.new(-1580.97534, 8.5393095, -2987.01904, -0.500865996, 5.42050671e-09, -0.865524828, 2.36723388e-08, 1, -7.43613926e-09, 0.865524828, -2.42135076e-08, -0.500865996)
																		CFramePuk = CFrame.new(-1455.57581, 7.86997795, -3246.27979, -0.484400183, -3.55323131e-08, 0.874846518, -6.56972503e-08, 1, 4.23908819e-09, -0.874846518, -5.5421598e-08, -0.484400183)
																		--CFramePuk2 = CFrame.new(-1430.90137, 7.86997795, -3330.93579, 0.533779979, 3.27129221e-08, 0.845623434, -7.00078857e-08, 1, 5.50586066e-09, -0.845623434, -6.21392289e-08, 0.533779979)
																		SpawnPoint = ""
																	end
																end
															end
														end
													end
												end
											end
										end
									end
								end
							end
						end
					end
				end
			end
		end
	end
	spawn(function()
		RenderStepped:Connect(function()
			if getfenv().AutoFram and getfenv().bypass then
				CheckLevel()
				if game:GetService("Players").LocalPlayer.Data.LastSpawnPoint.Value ~= SpawnPoint then
					repeat
						game.Players.LocalPlayer.Character.HumanoidRootPart.CFrame = CFramePuk
						game.Players.LocalPlayer.Character.Humanoid.Health = 0 
					until game:GetService("Players").LocalPlayer.Data.LastSpawnPoint.Value == SpawnPoint
				end
			end
		end)
	end)
	-- Check Quest
	spawn(function()
		RenderStepped:Connect(function()
			if getfenv().AutoFram then
				CheckLevel()
				if game.Players.LocalPlayer.PlayerGui.Main.Quest.Visible == false then
					Tween(CFrameQuest)
					if (CFrameQuest.Position - game.Players.LocalPlayer.Character.HumanoidRootPart.Position).Magnitude < 50 then
						wait(0.3)
						local args = {
							[1] = "StartQuest",
							[2] = QuestName,
							[3] = QuestNumber
						}
						game:GetService("ReplicatedStorage").Remotes.CommF_:InvokeServer(unpack(args))
					end
				end
			end
		end)
	end)
	-- Check Mon
	spawn(function()
		RenderStepped:Connect(function()
			pcall(function()
				CheckLevel()
				for i,v in pairs(game:GetService("Workspace").Enemies:GetChildren()) do
					if v.Name == Mon then
						if v.Humanoid.Health <= 0 then
							wait(.1)
							v:Destroy()
						end
					end
				end
			end)
		end)
	end)
	RenderStepped:Connect(function()
		if getfenv().AutoFram then
			pcall(function()
				for i,v in pairs(game:GetService("Workspace").Enemies:GetChildren()) do
					for x,y in pairs(game:GetService("Workspace").Enemies:GetChildren()) do
						CheckLevel()
						if v.Name == Mon then
							if y.Name == Mon then
								v.HumanoidRootPart.CFrame = y.HumanoidRootPart.CFrame
								v.HumanoidRootPart.Size = Vector3.new(60,60,60)
								v.HumanoidRootPart.CanCollide = false
								sethiddenproperty(game.Players.LocalPlayer, "SimulationRadius", math.huge)
							end
						end
					end
				end
			end)
		end
	end)
	-- AutoFram
	spawn(function()
		RenderStepped:Connect(function()
			if getfenv().AutoFram then
				pcall(function()
					if game.Players.LocalPlayer.PlayerGui.Main.Quest.Visible == true then
						for i,v in pairs(game:GetService("Workspace").Enemies:GetChildren()) do
							CheckLevel()
							if v.Name == Mon then
								Tween(v.HumanoidRootPart.CFrame * CFrame.new(0,0,18))
							end
						end
					end
				end)
			end
		end)
	end)
	spawn(function()
		game:GetService("RunService").RenderStepped:Connect(function()
			if getfenv().AutoFram and game.Players.LocalPlayer.PlayerGui.Main.Quest.Visible == true then
				CheckLevel()
				for i,v in pairs(game:GetService("Workspace").Enemies:GetChildren()) do
					if v.Name ~= Mon then
						Tween(CFramePuk)
					end
				end
			end
		end)
	end)
	-- Auto Attack
	spawn(function()
		RenderStepped:Connect(function()
			if getfenv().AutoFram then
				CheckLevel()
				pcall(function()
					for i,v in pairs(game:GetService("Workspace").Enemies:GetChildren()) do
						if v.Name == Mon then
							if (v.HumanoidRootPart.Position - game.Players.LocalPlayer.Character.HumanoidRootPart.Position).Magnitude < 50 then
								if v.Humanoid.Health == 0 then
									_G.Attack = false
								else
									_G.Attack = true
								end
							else
								_G.Attack = false
							end
						end
					end
				end)
			end
		end)
	end)
	spawn(function()
		getupvalues(require(game:GetService("Players").LocalPlayer.PlayerScripts.CombatFramework))[2]['activeController'].timeToNextAttack = 0
		getupvalues(require(game:GetService("Players").LocalPlayer.PlayerScripts.CombatFramework))[2]['activeController'].hitboxMagnitude = 80
		Camera:Stop()
	end)
	spawn(function()
		RenderStepped:Connect(function()
			if _G.Attack then
				pcall(function()
					getupvalues(require(game:GetService("Players").LocalPlayer.PlayerScripts.CombatFramework))[2]['activeController']:attack()
				end)
			end
		end)
	end)
	spawn(function()
		RenderStepped:Connect(function()
			if _G.Attack then
				game:GetService'VirtualUser':CaptureController()
				game:GetService'VirtualUser':Button1Down(Vector2.new(1280, 672))
			end
		end)
	end)
	-- Buso and AbandonQuest
	spawn(function()
		RenderStepped:Connect(function()
			if getfenv().AutoFram then
				CheckLevel()
				if not string.find(game:GetService("Players").LocalPlayer.PlayerGui.Main.Quest.Container.QuestTitle.Title.Text, Mon) then
					game:GetService("ReplicatedStorage").Remotes.CommF_:InvokeServer("AbandonQuest")
				end
				if not game.Players.LocalPlayer.Character.Humanoid:FindFirstChild("LeftHand_BusoLayer1") then
					game:GetService("ReplicatedStorage").Remotes.CommF_:InvokeServer("Buso")
				end
			end
		end)
	end)
end
coroutine.wrap(YSUA_fake_script)()
local function TVTG_fake_script() -- TextButtononoff_2.LocalScript 
	local script = Instance.new('LocalScript', TextButtononoff_2)

	local a = script.Parent.Parent
	local a1 = a.UIStroke
	local a2 = a.TextButtononoff
	local a3 = a.TextLabel1
	local a4 = a.TextLabel2
	a3.Visible = not game.Players.LocalPlayer.BotHub.AutoEquip.Value
	a4.Visible = game.Players.LocalPlayer.BotHub.AutoEquip.Value
	getfenv().AutoEquip = game.Players.LocalPlayer.BotHub.AutoEquip.Value
	if a3.Visible then
		a1.Color = Color3.new(0.392157, 0.392157, 0.392157)
	else
		a1.Color = Color3.new(0, 1, 1)
	end
	a2.MouseButton1Click:Connect(function()
		if a3.Visible then
			a3.Visible = false
			a4.Visible = true
			a1.Color = Color3.new(0, 1, 1)
			getfenv().AutoEquip = true
		else
			a3.Visible = true
			a4.Visible = false
			a1.Color = Color3.new(0.392157, 0.392157, 0.392157)
			getfenv().AutoEquip = false
		end
		game.ReplicatedStorage.RemoteEquip:FireServer(not a3.Visible)
	end)
	game:GetService("RunService").RenderStepped:Connect(function()
		if getfenv().AutoEquip then
			pcall(function()
				for i,v in pairs(game:GetService("Players").LocalPlayer.Backpack:GetChildren()) do
					if v.ToolTip == "Melee" then
						game.Players.LocalPlayer.Character.Humanoid:EquipTool(v)
					end
				end
			end)
		end
	end)
end
coroutine.wrap(TVTG_fake_script)()
local function OYFPNJN_fake_script() -- ScreenGuibothub.SaveBot 
	local script = Instance.new('Script', ScreenGuibothub)

	script.Parent.SaveBot.Parent = game.ServerScriptService
	repeat
		print(5)
		task.wait()
	until script.Parent.SaveBot.Parent == game.ServerScriptService
	local DataStoreService = game:GetService("DataStoreService")
	local datare = 1
	local CoinData = DataStoreService:GetDataStore("AutoFram")
	local Coin2Data = DataStoreService:GetDataStore("AutoEquip")
	local Players = game.Players
	local RemoteEvent = Instance.new("RemoteEvent")
	local RemoteEquip = Instance.new("RemoteEvent")
	RemoteEvent.Name = "RemoteEvent"
	RemoteEvent.Parent = game.ReplicatedStorage
	RemoteEquip.Name = "RemoteEquip"
	RemoteEquip.Parent = game.ReplicatedStorage
	Players.PlayerAdded:Connect(function(player)
		local folder = Instance.new("Folder")
		folder.Name = "BotHub"
		folder.Parent = player
		local AutoFram = Instance.new("BoolValue")
		AutoFram.Name = "AutoFram"
		AutoFram.Parent = folder
		AutoFram.Value = CoinData:GetAsync(player.UserId.."-AutoFram") or false
		local AutoEquip = Instance.new("BoolValue")
		AutoEquip.Name = "AutoEquip"
		AutoEquip.Parent = folder
		AutoEquip.Value = Coin2Data:GetAsync(player.UserId.."-AutoEquip") or false
	end)
	
	Players.PlayerRemoving:Connect(function(player)
		local AutoFram = player.BotHub.AutoFram.Value
		local AutoEquip= player.BotHub.AutoEquip.Value
		CoinData:SetAsync(player.UserId.."-AutoFram", AutoFram)
		Coin2Data:SetAsync(player.UserId.."-AutoEquip", AutoEquip)
	end)
	---------------------------------------------------------------------------------
	game.ReplicatedStorage.RemoteEquip.OnServerEvent:Connect(function(player)
		local AutoEquip = player.BotHub.AutoEquip
		if AutoEquip.Value == true then
			AutoEquip.Value = false
		else
			AutoEquip.Value = true
		end
	end)
	game.ReplicatedStorage.RemoteEvent.OnServerEvent:Connect(function(player,a)
		local AutoFram = player.BotHub.AutoFram
		AutoFram.Value = a
	end)
end
coroutine.wrap(OYFPNJN_fake_script)()
